object1 = CreateDynamicObject(19460, -2053.9479980469, 1310.3210449219, 7.938000202179, 0, 0, 0,-1,-1,-1,200.0);
CreateDynamicObject(19460, -2053.9450683594, 1300.7189941406, 7.938000202179, 0, 0, 0,-1,-1,-1,200.0);
object2 = CreateDynamicObject(19460, -2053.9108886719, 1291.1040039063, 7.8810000419617, 0, 0, 0,-1,-1,-1,200.0);
for(new i = object1; i <= object2; i++)
{
	SetDynamicObjectMaterialText(i,0,"X",OBJECT_MATERIAL_SIZE_256x128,"Arial",148,1,0xFFFF0000,0x0,1);
	Streamer_SetArrayData(STREAMER_TYPE_OBJECT,i,E_STREAMER_WORLD_ID,rworld);
}
object1 = CreateDynamicObject(19460, -2050.1020507813, 1283.3759765625, 8.210000038147, 0, 0, 53.25,-1,-1,-1,200.0);
CreateDynamicObject(19460, -2042.4110107422, 1277.6330566406, 8.2779998779297, 0, 0, 53.245239257813,-1,-1,-1,200.0);
CreateDynamicObject(19460, -2009.1159667969, 1272.4620361328, 8.9680004119873, 0, 0, 89.245239257813,-1,-1,-1,200.0);
CreateDynamicObject(19460, -1897.7640380859, 1289.9630126953, 8.0310001373291, 0, 0, 125.2419128418,-1,-1,-1,200.0);
CreateDynamicObject(19436, -1902.3719482422, 1286.7180175781, 8.0299997329712, 0, 0, 125.2419128418,-1,-1,-1,200.0);
CreateDynamicObject(19460, -1907.4709472656, 1284.3459472656, 8.043999671936, 0, 0, 112.73864746094,-1,-1,-1,200.0);
CreateDynamicObject(19460, -1916.3530273438, 1280.6529541016, 8.0629997253418, 0, 0, 112.73623657227,-1,-1,-1,200.0);
CreateDynamicObject(19436, -1921.5159912109, 1278.4959716797, 8.0839996337891, 0, 0, 112.73623657227,-1,-1,-1,200.0);
CreateDynamicObject(19436, -1922.9849853516, 1277.8879394531, 8.0839996337891, 0, 0, 112.73623657227,-1,-1,-1,200.0);
CreateDynamicObject(19460, -1928.4930419922, 1277.0610351563, 7.9640002250671, 0, 0, 95.736206054688,-1,-1,-1,200.0);
CreateDynamicObject(19460, -1938.0040283203, 1276.0579833984, 7.938000202179, 0, 0, 95.73486328125,-1,-1,-1,200.0);
CreateDynamicObject(19460, -1947.3249511719, 1273.9849853516, 7.9340000152588, 0, 0, 109.73483276367,-1,-1,-1,200.0);
CreateDynamicObject(19460, -2049.4729003906, 1317.1450195313, 8.0860004425049, 0, 0, 294,-1,-1,-1,200.0);
CreateDynamicObject(19460, -2040.7259521484, 1321.0739746094, 8.0600004196167, 0, 0, 293.99963378906,-1,-1,-1,200.0);
CreateDynamicObject(19460, -2031.9360351563, 1325, 8.0260000228882, 0, 0, 293.99963378906,-1,-1,-1,200.0);
CreateDynamicObject(19460, -2023.1450195313, 1328.9090576172, 7.875, 0, 0, 293.99963378906,-1,-1,-1,200.0);
CreateDynamicObject(19460, -2015.7440185547, 1334.6910400391, 7.8509998321533, 0, 0, 321.99963378906,-1,-1,-1,200.0);
CreateDynamicObject(19460, -2009.8079833984, 1342.2719726563, 7.8979997634888, 0, 0, 321.99829101563,-1,-1,-1,200.0);
CreateDynamicObject(19460, -1897.7609863281, 1349.6860351563, 8.0159997940063, 0, 0, 315.49829101563,-1,-1,-1,200.0);
CreateDynamicObject(19460, -1891.0200195313, 1356.5689697266, 8.0019998550415, 0, 0, 315.49438476563,-1,-1,-1,200.0);
CreateDynamicObject(19460, -1884.1479492188, 1363.3160400391, 8.003999710083, 0, 0, 313.49438476563,-1,-1,-1,200.0);
CreateDynamicObject(19460, -1876.8740234375, 1369.5860595703, 7.941999912262, 0, 0, 307.48937988281,-1,-1,-1,200.0);
CreateDynamicObject(19460, -1869.2399902344, 1375.4429931641, 7.938000202179, 0, 0, 307.4853515625,-1,-1,-1,200.0);
CreateDynamicObject(19460, -1861.1490478516, 1380.5909423828, 7.9289999008179, 0, 0, 297.4853515625,-1,-1,-1,200.0);
CreateDynamicObject(19460, -1852.4720458984, 1384.7270507813, 7.9340000152588, 0, 0, 293.48229980469,-1,-1,-1,200.0);
CreateDynamicObject(19460, -1843.6560058594, 1388.5660400391, 7.9340000152588, 0, 0, 293.47778320313,-1,-1,-1,200.0);
CreateDynamicObject(19436, -1838.5159912109, 1390.7869873047, 7.9340000152588, 0, 0, 112.73623657227,-1,-1,-1,200.0);
CreateDynamicObject(19436, -1837.0460205078, 1391.4010009766, 7.9340000152588, 0, 0, 112.73623657227,-1,-1,-1,200.0);
CreateDynamicObject(19460, -1831.5369873047, 1392.3499755859, 7.938000202179, 0, 0, 277.47778320313,-1,-1,-1,200.0);
CreateDynamicObject(19460, -1822.0140380859, 1393.5989990234, 7.938000202179, 0, 0, 277.47619628906,-1,-1,-1,200.0);
CreateDynamicObject(19460, -1812.4739990234, 1394.8620605469, 7.938000202179, 0, 0, 277.47619628906,-1,-1,-1,200.0);
CreateDynamicObject(19460, -1802.9239501953, 1394.8330078125, 7.938000202179, 0, 0, 262.47619628906,-1,-1,-1,200.0);
CreateDynamicObject(19460, -1793.3850097656, 1393.5760498047, 7.938000202179, 0, 0, 262.47436523438,-1,-1,-1,200.0);
CreateDynamicObject(19460, -1784.0810546875, 1391.3199462891, 7.938000202179, 0, 0, 250.47436523438,-1,-1,-1,200.0);
CreateDynamicObject(19460, -1775.0799560547, 1387.8990478516, 7.938000202179, 0, 0, 247.72180175781,-1,-1,-1,200.0);
CreateDynamicObject(19460, -1766.16796875, 1384.2709960938, 7.938000202179, 0, 0, 247.7197265625,-1,-1,-1,200.0);
CreateDynamicObject(19436, -1760.9639892578, 1382.1669921875, 7.938000202179, 0, 0, 247.7197265625,-1,-1,-1,200.0);
CreateDynamicObject(19436, -1759.4820556641, 1381.5720214844, 7.938000202179, 0, 0, 247.71423339844,-1,-1,-1,200.0);
CreateDynamicObject(19460, -1754.7390136719, 1378.5579833984, 7.938000202179, 0, 0, 235.7197265625,-1,-1,-1,200.0);
CreateDynamicObject(19460, -1746.7860107422, 1373.1469726563, 7.938000202179, 0, 0, 235.71716308594,-1,-1,-1,200.0);
CreateDynamicObject(19460, -1738.8349609375, 1367.7330322266, 7.938000202179, 0, 0, 235.71716308594,-1,-1,-1,200.0);
CreateDynamicObject(19460, -1730.8809814453, 1362.3280029297, 7.938000202179, 0, 0, 235.71716308594,-1,-1,-1,200.0);
CreateDynamicObject(19460, -1723.5589599609, 1356.1429443359, 7.9299998283386, 0, 0, 223.71716308594,-1,-1,-1,200.0);
CreateDynamicObject(19460, -1716.9069824219, 1349.2060546875, 7.9270000457764, 0, 0, 223.71459960938,-1,-1,-1,200.0);
CreateDynamicObject(19460, -1710.2459716797, 1342.2559814453, 7.9279999732971, 0, 0, 223.71459960938,-1,-1,-1,200.0);
CreateDynamicObject(19460, -1703.5959472656, 1335.3199462891, 7.9279999732971, 0, 0, 223.71459960938,-1,-1,-1,200.0);
CreateDynamicObject(19460, -1696.9699707031, 1328.3649902344, 7.9279999732971, 0, 0, 223.71459960938,-1,-1,-1,200.0);
CreateDynamicObject(19460, -1690.3380126953, 1321.41796875, 7.9299998283386, 0, 0, 223.71459960938,-1,-1,-1,200.0);
CreateDynamicObject(19460, -1683.6820068359, 1314.4720458984, 7.9260001182556, 0, 0, 223.71459960938,-1,-1,-1,200.0);
CreateDynamicObject(19460, -1676.9940185547, 1307.5710449219, 7.9289999008179, 0, 0, 224.71459960938,-1,-1,-1,200.0);
CreateDynamicObject(19460, -1670.2380371094, 1300.7449951172, 7.933000087738, 0, 0, 224.71435546875,-1,-1,-1,200.0);
CreateDynamicObject(19460, -1663.4890136719, 1294.001953125, 7.7890000343323, 0, 0, 224.71435546875,-1,-1,-1,200.0);
CreateDynamicObject(19460, -1656.7320556641, 1287.1870117188, 7.9279999732971, 0, 0, 224.71435546875,-1,-1,-1,200.0);
CreateDynamicObject(19460, -1649.9520263672, 1280.3360595703, 7.9279999732971, 0, 0, 224.71435546875,-1,-1,-1,200.0);
CreateDynamicObject(19460, -1643.1839599609, 1273.5129394531, 7.9289999008179, 0, 0, 224.71435546875,-1,-1,-1,200.0);
CreateDynamicObject(19460, -1636.4119873047, 1266.6779785156, 7.9289999008179, 0, 0, 224.71435546875,-1,-1,-1,200.0);
CreateDynamicObject(19460, -1629.6510009766, 1259.8540039063, 7.9279999732971, 0, 0, 224.71435546875,-1,-1,-1,200.0);
CreateDynamicObject(19460, -1622.875, 1253.0100097656, 7.9279999732971, 0, 0, 224.71435546875,-1,-1,-1,200.0);
CreateDynamicObject(19460, -1616.1180419922, 1246.1850585938, 7.9229998588562, 0, 0, 224.71435546875,-1,-1,-1,200.0);
CreateDynamicObject(19460, -1609.3449707031, 1239.3289794922, 7.9279999732971, 0, 0, 224.71435546875,-1,-1,-1,200.0);
CreateDynamicObject(19460, -1601.3179931641, 1234.8060302734, 7.938000202179, 0, 0, 256.71435546875,-1,-1,-1,200.0);
CreateDynamicObject(19460, -1591.8489990234, 1233.7690429688, 7.933000087738, 0, 0, 270.71203613281,-1,-1,-1,200.0);
CreateDynamicObject(19460, -1552.0939941406, 1230.0479736328, 7.938000202179, 0, 0, 216.70861816406,-1,-1,-1,200.0);
CreateDynamicObject(19460, -1547.8110351563, 1221.5780029297, 7.938000202179, 0, 0, 196.70532226563,-1,-1,-1,200.0);
CreateDynamicObject(19460, -1733.2719726563, 1296.5670166016, 7.9000000953674, 0, 0, 211.71459960938,-1,-1,-1,200.0);
CreateDynamicObject(19460, -1728.2419433594, 1288.3929443359, 7.6560001373291, 0, 0, 211.71203613281,-1,-1,-1,200.0);
CreateDynamicObject(19460, -1723.1960449219, 1280.2409667969, 7.8629999160767, 0, 0, 211.71203613281,-1,-1,-1,200.0);
CreateDynamicObject(19460, -1655.6550292969, 1220.7779541016, 8, 0, 0, 225.21203613281,-1,-1,-1,200.0);
CreateDynamicObject(19460, -1648.8289794922, 1214.0229492188, 7.9299998283386, 0, 0, 225.20874023438,-1,-1,-1,200.0);
CreateDynamicObject(19460, -1642.0529785156, 1207.3020019531, 7.9299998283386, 0, 0, 225.20874023438,-1,-1,-1,200.0);
CreateDynamicObject(19460, -1637.1979980469, 1199.3170166016, 7.9429998397827, 0, 0, 197.20874023438,-1,-1,-1,200.0);
CreateDynamicObject(19460, -1634.3210449219, 1190.1529541016, 7.8649997711182, 0, 0, 197.20458984375,-1,-1,-1,200.0);
CreateDynamicObject(19460, -1631.4849853516, 1180.9959716797, 7.8800001144409, 0, 0, 197.20458984375,-1,-1,-1,200.0);
CreateDynamicObject(19460, -1628.1319580078, 1172.0620117188, 7.951000213623, 0, 0, 203.20458984375,-1,-1,-1,200.0);
CreateDynamicObject(19460, -1547.5560302734, 1111.3580322266, 7.938000202179, 0, 0, 180.21435546875,-1,-1,-1,200.0);
CreateDynamicObject(19460, -1515.1469726563, 1013.7119750977, 7.938000202179, 0, 0, 240.21423339844,-1,-1,-1,200.0);
CreateDynamicObject(19460, -1506.8120117188, 1008.9329833984, 7.9359998703003, 0, 0, 240.21057128906,-1,-1,-1,200.0);
CreateDynamicObject(19460, -1498.45703125, 1004.1380004883, 7.938000202179, 0, 0, 240.21057128906,-1,-1,-1,200.0);
CreateDynamicObject(19460, -1493.291015625, 997.02801513672, 7.9359998703003, 0, 0, 192.21057128906,-1,-1,-1,200.0);
CreateDynamicObject(19460, -1618.8160400391, 1089.79296875, 7.938000202179, 0, 0, 152.21423339844,-1,-1,-1,200.0);
CreateDynamicObject(19460, -1581.5350341797, 938.94299316406, 8.4460000991821, 0, 0, 0,-1,-1,-1,200.0);
CreateDynamicObject(19460, -1581.5360107422, 929.34698486328, 8.2889995574951, 0, 0, 0,-1,-1,-1,200.0);
CreateDynamicObject(19460, -1581.5129394531, 919.73199462891, 8.2889995574951, 0, 0, 0,-1,-1,-1,200.0);
CreateDynamicObject(19460, -1579.2580566406, 910.54797363281, 8.4460000991821, 0, 0, 26,-1,-1,-1,200.0);
CreateDynamicObject(19436, -1576.8160400391, 905.51599121094, 8.3149995803833, 0, 0, 205.71423339844,-1,-1,-1,200.0);
CreateDynamicObject(19436, -1576, 904.14202880859, 8.2749996185303, 0, 0, 215.71350097656,-1,-1,-1,200.0);
CreateDynamicObject(19436, -1575.0720214844, 902.83898925781, 8.2700004577637, 0, 0, 215.71105957031,-1,-1,-1,200.0);
CreateDynamicObject(19436, -1574.2380371094, 901.44201660156, 8.4180002212524, 0, 0, 201.71105957031,-1,-1,-1,200.0);
CreateDynamicObject(19460, -1491.6209716797, 837.58197021484, 7.938000202179, 0, 0, 192.20581054688,-1,-1,-1,200.0);
CreateDynamicObject(19460, -1487.6209716797, 829.06298828125, 7.938000202179, 0, 0, 218.20581054688,-1,-1,-1,200.0);
CreateDynamicObject(19436, -1484.1419677734, 824.66101074219, 7.938000202179, 0, 0, 218.20581054688,-1,-1,-1,200.0);
CreateDynamicObject(19460, -1566.8709716797, 718.70397949219, 7.938000202179, 0, 0, 90,-1,-1,-1,200.0);
CreateDynamicObject(19460, -1557.3559570313, 718.64001464844, 7.7890000343323, 0, 0, 90,-1,-1,-1,200.0);
CreateDynamicObject(19460, -1547.7650146484, 718.6240234375, 7.7890000343323, 0, 0, 90,-1,-1,-1,200.0);
CreateDynamicObject(19460, -1538.1409912109, 718.64202880859, 7.7890000343323, 0, 0, 90,-1,-1,-1,200.0);
CreateDynamicObject(19460, -1528.5639648438, 718.66900634766, 7.9359998703003, 0, 0, 90,-1,-1,-1,200.0);
CreateDynamicObject(19460, -1518.9499511719, 718.67700195313, 7.938000202179, 0, 0, 90,-1,-1,-1,200.0);
CreateDynamicObject(19460, -1509.3420410156, 718.68200683594, 7.938000202179, 0, 0, 90,-1,-1,-1,200.0);
CreateDynamicObject(19460, -1499.7380371094, 718.68402099609, 7.938000202179, 0, 0, 90,-1,-1,-1,200.0);
CreateDynamicObject(19460, -1491.25, 721.76098632813, 7.9320001602173, 0, 0, 130,-1,-1,-1,200.0);
CreateDynamicObject(19460, -1485.3929443359, 729.15899658203, 7.9289999008179, 0, 0, 153.99572753906,-1,-1,-1,200.0);
CreateDynamicObject(19460, -1625.9499511719, 864.77001953125, 8.4460000991821, 0, 0, 0,-1,-1,-1,200.0);
CreateDynamicObject(19460, -1625.9730224609, 855.17901611328, 8.2950000762939, 0, 0, 0,-1,-1,-1,200.0);
CreateDynamicObject(19460, -1625.9599609375, 845.55200195313, 8.2950000762939, 0, 0, 0,-1,-1,-1,200.0);
CreateDynamicObject(19460, -1625.9549560547, 835.96600341797, 8.2950000762939, 0, 0, 0,-1,-1,-1,200.0);
CreateDynamicObject(19460, -1628.3540039063, 827.02502441406, 8.4840002059937, 0, 0, 330,-1,-1,-1,200.0);
CreateDynamicObject(19460, -1699.9449462891, 718.67700195313, 25.641000747681, 0, 0, 90,-1,-1,-1,200.0);
CreateDynamicObject(19460, -1709.5539550781, 718.63702392578, 25.492000579834, 0, 0, 90,-1,-1,-1,200.0);
CreateDynamicObject(19460, -1719.1469726563, 718.61297607422, 25.485000610352, 0, 0, 90,-1,-1,-1,200.0);
CreateDynamicObject(19460, -1728.7580566406, 718.58697509766, 25.82200050354, 0, 0, 90,-1,-1,-1,200.0);
CreateDynamicObject(19460, -1706.3110351563, 743.92297363281, 25.641000747681, 0, 0, 90,-1,-1,-1,200.0);
CreateDynamicObject(19460, -1715.7829589844, 743.94500732422, 25.485000610352, 0, 0, 90,-1,-1,-1,200.0);
CreateDynamicObject(19460, -1725.3940429688, 743.71301269531, 25.632999420166, 0, 0, 90,-1,-1,-1,200.0);
CreateDynamicObject(19460, -1732.6810302734, 743.92797851563, 27.77499961853, 0, 0, 90,-1,-1,-1,200.0);
CreateDynamicObject(19460, -1742.5560302734, 743.92602539063, 29.485000610352, 0, 0, 90,-1,-1,-1,200.0);
CreateDynamicObject(19460, -1755.373046875, 743.92102050781, 31.832000732422, 0, 0, 90,-1,-1,-1,200.0);
CreateDynamicObject(19460, -1774.2509765625, 743.91998291016, 35.034000396729, 0, 0, 90,-1,-1,-1,200.0);
CreateDynamicObject(19460, -1806.5069580078, 743.96301269531, 35.93399810791, 0, 0, 90,-1,-1,-1,200.0);
CreateDynamicObject(19460, -1796.8890380859, 743.98400878906, 36.958000183105, 0, 0, 90,-1,-1,-1,200.0);
CreateDynamicObject(19460, -1787.3110351563, 744.00500488281, 36.956001281738, 0, 0, 90,-1,-1,-1,200.0);
CreateDynamicObject(19436, -1781.6899414063, 744.02600097656, 36.956001281738, 0, 0, 90,-1,-1,-1,200.0);
CreateDynamicObject(19436, -1780.1199951172, 744.03997802734, 36.956001281738, 0, 0, 90,-1,-1,-1,200.0);
CreateDynamicObject(19460, -1784.5639648438, 718.67102050781, 35.65299987793, 0, 0, 90,-1,-1,-1,200.0);
CreateDynamicObject(19460, -1830.3120117188, 718.68902587891, 40.023998260498, 0, 0, 90,-1,-1,-1,200.0);
CreateDynamicObject(19460, -1884.7700195313, 718.71697998047, 46.195999145508, 0, 0, 90,-1,-1,-1,200.0);
CreateDynamicObject(19460, -1894.3859863281, 718.68798828125, 46.04700088501, 0, 0, 90,-1,-1,-1,200.0);
CreateDynamicObject(19460, -1903.9909667969, 718.68701171875, 46.04700088501, 0, 0, 90,-1,-1,-1,200.0);
CreateDynamicObject(19460, -1920.5090332031, 716.47802734375, 47.312999725342, 0, 0, 90,-1,-1,-1,200.0);
CreateDynamicObject(19436, -1909.6080322266, 718.67401123047, 46.195999145508, 0, 0, 90,-1,-1,-1,200.0);
CreateDynamicObject(19436, -1911.2080078125, 718.67297363281, 46.195999145508, 0, 0, 90,-1,-1,-1,200.0);
CreateDynamicObject(19460, -1891.3979492188, 743.90600585938, 46.195999145508, 0, 0, 90,-1,-1,-1,200.0);
CreateDynamicObject(19460, -1900.9940185547, 743.92401123047, 46.04700088501, 0, 0, 90,-1,-1,-1,200.0);
CreateDynamicObject(19460, -1910.3709716797, 745.38201904297, 46.195999145508, 0, 0, 72,-1,-1,-1,200.0);
CreateDynamicObject(19460, -1982.2950439453, 716.47100830078, 47.312999725342, 0, 0, 90,-1,-1,-1,200.0);
CreateDynamicObject(19460, -1996.4370117188, 746.89501953125, 46.195999145508, 0, 0, 90,-1,-1,-1,200.0);
CreateDynamicObject(19460, -2005.9940185547, 746.90002441406, 46.041000366211, 0, 0, 90,-1,-1,-1,200.0);
CreateDynamicObject(19460, -2015.5749511719, 746.88897705078, 46.195999145508, 0, 0, 90,-1,-1,-1,200.0);
CreateDynamicObject(19460, -1997.3969726563, 717.04901123047, 46.04700088501, 0, 0, 90,-1,-1,-1,200.0);
CreateDynamicObject(19460, -2006.9990234375, 717.05401611328, 46.04700088501, 0, 0, 90,-1,-1,-1,200.0);
CreateDynamicObject(19460, -2016.5780029297, 717.04797363281, 46.195999145508, 0, 0, 90,-1,-1,-1,200.0);
CreateDynamicObject(19460, -2025.9809570313, 717.08197021484, 49.14400100708, 17, 0, 90,-1,-1,-1,200.0);
CreateDynamicObject(19460, -2034.9510498047, 717.03601074219, 52.714000701904, 16.995849609375, 0, 90,-1,-1,-1,200.0);
CreateDynamicObject(19460, -2043.7840576172, 717.06402587891, 56.716999053955, 16.995849609375, 0, 90,-1,-1,-1,200.0);
CreateDynamicObject(19460, -2052.7570800781, 717.10900878906, 60.465000152588, 16.995849609375, 0, 90,-1,-1,-1,200.0);
CreateDynamicObject(19460, -2061.9409179688, 717.17297363281, 63.65599822998, 16.995849609375, 0, 90,-1,-1,-1,200.0);
CreateDynamicObject(19460, -2070.8410644531, 717.19299316406, 67.334999084473, 16.995849609375, 0, 90,-1,-1,-1,200.0);
CreateDynamicObject(19436, -2076.4799804688, 717.17999267578, 69.676002502441, 0, 0, 90,-1,-1,-1,200.0);
CreateDynamicObject(19436, -2078.080078125, 717.17602539063, 70.259002685547, 0, 0, 90,-1,-1,-1,200.0);
CreateDynamicObject(19460, -2083.6740722656, 717.12799072266, 70.164001464844, 0, 0, 90,-1,-1,-1,200.0);
CreateDynamicObject(19460, -2093.1650390625, 718.10900878906, 70.164001464844, 0, 0, 78,-1,-1,-1,200.0);
CreateDynamicObject(19436, -2098.4299316406, 719.36297607422, 70.313003540039, 0, 0, 64,-1,-1,-1,200.0);
CreateDynamicObject(19460, -2080.2548828125, 746.57598876953, 70.313003540039, 0, 0, 90,-1,-1,-1,200.0);
CreateDynamicObject(19460, -2130.3640136719, 746.54400634766, 70.313003540039, 0, 0, 90,-1,-1,-1,200.0);
CreateDynamicObject(19460, -2139.9270019531, 746.55700683594, 70.164001464844, 0, 0, 90,-1,-1,-1,200.0);
CreateDynamicObject(19460, -2148.2119140625, 743.21398925781, 70.164001464844, 0, 0, 134,-1,-1,-1,200.0);
CreateDynamicObject(19460, -2152.8068847656, 735.24102783203, 70.164001464844, 0, 0, 165.99475097656,-1,-1,-1,200.0);
CreateDynamicObject(19460, -2155.1350097656, 726.00598144531, 70.164001464844, 0, 0, 165.99194335938,-1,-1,-1,200.0);
CreateDynamicObject(19436, -2156.5139160156, 720.47802734375, 70.313003540039, 0, 0, 165.99194335938,-1,-1,-1,200.0);
CreateDynamicObject(19460, -2152.1860351563, 553.55603027344, 35.92200088501, 0, 0, 90,-1,-1,-1,200.0);
CreateDynamicObject(19460, -2142.623046875, 553.55200195313, 35.765998840332, 0, 0, 90,-1,-1,-1,200.0);
CreateDynamicObject(19460, -2134.3979492188, 556.86999511719, 35.765998840332, 0, 0, 133.99475097656,-1,-1,-1,200.0);
CreateDynamicObject(19460, -2130.9489746094, 565.02801513672, 35.773998260498, 0, 0, 0,-1,-1,-1,200.0);
CreateDynamicObject(19460, -2129.9389648438, 574.48101806641, 35.92200088501, 0, 0, 348,-1,-1,-1,200.0);
CreateDynamicObject(19460, -2221.37890625, 553.55102539063, 35.92200088501, 0, 0, 90,-1,-1,-1,200.0);
CreateDynamicObject(19460, -2230.9780273438, 553.53100585938, 35.765998840332, 0, 0, 90,-1,-1,-1,200.0);
CreateDynamicObject(19460, -2240.4990234375, 553.53002929688, 35.92200088501, 0, 0, 90,-1,-1,-1,200.0);
CreateDynamicObject(19460, -2250.1040039063, 553.50201416016, 35.92200088501, 0, 0, 90,-1,-1,-1,200.0);
CreateDynamicObject(19460, -2259.6750488281, 553.45001220703, 35.765998840332, 0, 0, 90,-1,-1,-1,200.0);
CreateDynamicObject(19460, -2269.2971191406, 553.46099853516, 35.765998840332, 0, 0, 90,-1,-1,-1,200.0);
CreateDynamicObject(19460, -2277.833984375, 550.51501464844, 35.803001403809, 0, 0, 128,-1,-1,-1,200.0);
CreateDynamicObject(19460, -2247.3269042969, 578.52697753906, 35.932998657227, 0, 0, 90,-1,-1,-1,200.0);
CreateDynamicObject(19460, -2256.9240722656, 578.55200195313, 35.785999298096, 0, 0, 90,-1,-1,-1,200.0);
CreateDynamicObject(19460, -2266.5048828125, 578.53802490234, 35.784999847412, 0, 0, 90,-1,-1,-1,200.0);
CreateDynamicObject(19460, -2275.5439453125, 580.77502441406, 36.234001159668, 0, 0, 62,-1,-1,-1,200.0);
CreateDynamicObject(19460, -2357.7609863281, 547.52398681641, 30.079000473022, 0, 0, 90,-1,-1,-1,200.0);
CreateDynamicObject(19460, -2367.2790527344, 547.49798583984, 27.631000518799, 0, 0, 90,-1,-1,-1,200.0);
CreateDynamicObject(19436, -2360.6479492188, 547.56402587891, 28.559000015259, 0, 0, 90,-1,-1,-1,200.0);
CreateDynamicObject(19460, -2376.8090820313, 547.49102783203, 26.639999389648, 0, 0, 90,-1,-1,-1,200.0);
CreateDynamicObject(19460, -2385.0590820313, 550.80200195313, 25.834999084473, 0, 0, 226.00524902344,-1,-1,-1,200.0);
CreateDynamicObject(19460, -2391.8989257813, 557.44500732422, 25.492000579834, 0, 0, 225.99975585938,-1,-1,-1,200.0);
CreateDynamicObject(19460, -2397.1669921875, 565.26800537109, 25.499000549316, 0, 0, 201.99975585938,-1,-1,-1,200.0);
CreateDynamicObject(19460, -2398.9860839844, 574.56896972656, 25.641000747681, 0, 0, 0,-1,-1,-1,200.0);
CreateDynamicObject(19460, -2398.9479980469, 584.19897460938, 26.413999557495, 10, 0, 0,-1,-1,-1,200.0);
CreateDynamicObject(19460, -2399.0390625, 593.65100097656, 28.118999481201, 9.99755859375, 0, 0,-1,-1,-1,200.0);
CreateDynamicObject(19460, -2399.0590820313, 603.10101318359, 29.829000473022, 9.99755859375, 0, 0,-1,-1,-1,200.0);
CreateDynamicObject(19460, -2399.080078125, 612.51397705078, 31.530000686646, 9.99755859375, 0, 0,-1,-1,-1,200.0);
CreateDynamicObject(19460, -2399.1220703125, 621.98699951172, 33.243000030518, 9.99755859375, 0, 0,-1,-1,-1,200.0);
CreateDynamicObject(19460, -2399.1420898438, 631.44097900391, 34.95299911499, 9.99755859375, 0, 0,-1,-1,-1,200.0);
CreateDynamicObject(19460, -2399.1650390625, 641.18597412109, 35.92200088501, 0, 0, 0,-1,-1,-1,200.0);
CreateDynamicObject(19460, -2399.1760253906, 650.76202392578, 35.92200088501, 0, 0, 0,-1,-1,-1,200.0);
CreateDynamicObject(19460, -2399.1760253906, 660.35601806641, 35.92200088501, 0, 0, 0,-1,-1,-1,200.0);
CreateDynamicObject(19460, -2399.1770019531, 669.94799804688, 35.92200088501, 0, 0, 0,-1,-1,-1,200.0);
CreateDynamicObject(19460, -2399.1760253906, 679.54400634766, 35.92200088501, 0, 0, 0,-1,-1,-1,200.0);
CreateDynamicObject(19460, -2399.1940917969, 689.15997314453, 35.92200088501, 0, 0, 0,-1,-1,-1,200.0);
CreateDynamicObject(19460, -2399.1960449219, 698.53100585938, 35.92200088501, 0, 0, 0,-1,-1,-1,200.0);
CreateDynamicObject(19460, -2399.1831054688, 707.88500976563, 35.762001037598, 0, 0, 0,-1,-1,-1,200.0);
CreateDynamicObject(19460, -2399.1850585938, 717.47698974609, 35.92200088501, 0, 0, 0,-1,-1,-1,200.0);
CreateDynamicObject(19460, -2399.2229003906, 727.03399658203, 35.92200088501, 0, 0, 0,-1,-1,-1,200.0);
CreateDynamicObject(19460, -2399.2290039063, 736.52697753906, 35.930999755859, 0, 0, 0,-1,-1,-1,200.0);
CreateDynamicObject(19460, -2399.248046875, 746.14300537109, 35.939998626709, 0, 0, 0,-1,-1,-1,200.0);
CreateDynamicObject(19460, -2399.2609863281, 755.72601318359, 35.945999145508, 0, 0, 0,-1,-1,-1,200.0);
CreateDynamicObject(19460, -2367.4729003906, 661.14501953125, 35.92200088501, 0, 0, 0,-1,-1,-1,200.0);
CreateDynamicObject(19460, -2367.4689941406, 670.69799804688, 35.770000457764, 0, 0, 0,-1,-1,-1,200.0);
CreateDynamicObject(19460, -2367.4860839844, 680.2509765625, 35.917999267578, 0, 0, 0,-1,-1,-1,200.0);
CreateDynamicObject(19460, -2368.3969726563, 726.32702636719, 37.262001037598, 0, 0, 0,-1,-1,-1,200.0);
CreateDynamicObject(19460, -2386.7570800781, 818.00500488281, 35.76900100708, 0, 0, 82,-1,-1,-1,200.0);
CreateDynamicObject(19460, -2367.4680175781, 801.00299072266, 37.032001495361, 0, 0, 0,-1,-1,-1,200.0);
CreateDynamicObject(19460, -2370.3181152344, 809.60498046875, 36.226001739502, 0, 0, 38,-1,-1,-1,200.0);
CreateDynamicObject(19460, -2377.666015625, 815.34100341797, 35.92200088501, 0, 0, 65.996215820313,-1,-1,-1,200.0);
CreateDynamicObject(19460, -2396.2370605469, 819.333984375, 36.006999969482, 0, 0, 81.996459960938,-1,-1,-1,200.0);
CreateDynamicObject(19436, -2401.9318847656, 820.05798339844, 35.953998565674, 0, 0, 90,-1,-1,-1,200.0);
CreateDynamicObject(19460, -2461.54296875, 798.21997070313, 35.92200088501, 0, 0, 90,-1,-1,-1,200.0);
CreateDynamicObject(19460, -2471.1259765625, 798.22399902344, 35.92200088501, 0, 0, 90,-1,-1,-1,200.0);
CreateDynamicObject(19460, -2480.6979980469, 798.22100830078, 35.966999053955, 0, 0, 90,-1,-1,-1,200.0);
CreateDynamicObject(19460, -2487.5539550781, 798.22100830078, 40.028999328613, 22.5, 0, 90,-1,-1,-1,200.0);
CreateDynamicObject(19460, -2496.3059082031, 798.21997070313, 43.988998413086, 22.5, 0, 90,-1,-1,-1,200.0);
CreateDynamicObject(19460, -2505.0810546875, 798.20300292969, 47.979000091553, 22.5, 0, 90,-1,-1,-1,200.0);
CreateDynamicObject(19460, -2511.8168945313, 798.19598388672, 50.285999298096, 10, 0, 90,-1,-1,-1,200.0);
CreateDynamicObject(19460, -2521.3278808594, 798.08197021484, 50.694999694824, 0, 0, 90,-1,-1,-1,200.0);
CreateDynamicObject(19460, -2529.5769042969, 801.49298095703, 50.576000213623, 0, 0, 45,-1,-1,-1,200.0);
CreateDynamicObject(19460, -2534.6818847656, 809.35900878906, 50.57799911499, 0, 0, 20.994506835938,-1,-1,-1,200.0);
CreateDynamicObject(19460, -2538.1389160156, 818.32098388672, 50.735000610352, 0, 0, 20.989379882813,-1,-1,-1,200.0);
CreateDynamicObject(19460, -2513.0471191406, 898.81799316406, 65.768997192383, 0, 0, 0,-1,-1,-1,200.0);
CreateDynamicObject(19460, -2513.0590820313, 908.42297363281, 65.621002197266, 0, 0, 0,-1,-1,-1,200.0);
CreateDynamicObject(19460, -2513.0581054688, 917.92797851563, 65.768997192383, 0, 0, 0,-1,-1,-1,200.0);
CreateDynamicObject(19460, -2539.8459472656, 900.62799072266, 65.726997375488, 0, 0, 0,-1,-1,-1,200.0);
CreateDynamicObject(19460, -2539.8820800781, 910.21002197266, 65.584999084473, 0, 0, 0,-1,-1,-1,200.0);
CreateDynamicObject(19460, -2539.0290527344, 919.63098144531, 65.735000610352, 0, 0, 350,-1,-1,-1,200.0);
CreateDynamicObject(19460, -2541.3168945313, 994.83697509766, 79.033996582031, 0, 0, 350,-1,-1,-1,200.0);
CreateDynamicObject(19460, -2539.6320800781, 1004.2960205078, 78.890998840332, 0, 0, 349.99694824219,-1,-1,-1,200.0);
CreateDynamicObject(19460, -2537.9580078125, 1013.7399902344, 79.019996643066, 0, 0, 349.99694824219,-1,-1,-1,200.0);
CreateDynamicObject(19460, -2536.9909667969, 1023.0800170898, 76.565002441406, 340, 0, 357.99694824219,-1,-1,-1,200.0);
CreateDynamicObject(19460, -2536.669921875, 1032.1130371094, 73.30899810791, 339.99938964844, 0, 357.99499511719,-1,-1,-1,200.0);
CreateDynamicObject(19460, -2536.3559570313, 1041.1629638672, 70.06600189209, 339.99938964844, 0, 357.99499511719,-1,-1,-1,200.0);
CreateDynamicObject(19460, -2536.0439453125, 1050.2120361328, 66.825996398926, 339.99938964844, 0, 357.99499511719,-1,-1,-1,200.0);
CreateDynamicObject(19460, -2535.7548828125, 1059.2530517578, 63.647998809814, 339.99938964844, 0, 357.99499511719,-1,-1,-1,200.0);
CreateDynamicObject(19460, -2535.458984375, 1068.2819824219, 60.425998687744, 339.99938964844, 0, 357.99499511719,-1,-1,-1,200.0);
CreateDynamicObject(19460, -2534.1420898438, 1077.3759765625, 57.380001068115, 339.99938964844, 0, 347.99499511719,-1,-1,-1,200.0);
CreateDynamicObject(19460, -2514.7939453125, 1064.6020507813, 61.062000274658, 339.99938964844, 0, 357.99499511719,-1,-1,-1,200.0);
CreateDynamicObject(19460, -2514.2060546875, 1073.5780029297, 57.734001159668, 339.99938964844, 0, 353.99499511719,-1,-1,-1,200.0);
CreateDynamicObject(19460, -2510.2319335938, 1059.9429931641, 64.084999084473, 0, 0, 90,-1,-1,-1,200.0);
CreateDynamicObject(19460, -2513.1608886719, 1083.2729492188, 56.476001739502, 0, 0, 353.99047851563,-1,-1,-1,200.0);
CreateDynamicObject(19460, -2512.4890136719, 1092.7790527344, 56.330001831055, 0, 0, 357.98498535156,-1,-1,-1,200.0);
CreateDynamicObject(19460, -2512.6330566406, 1102.3599853516, 56.465999603271, 0, 0, 3.9849853515625,-1,-1,-1,200.0);
CreateDynamicObject(19460, -2514.0349121094, 1111.4370117188, 56.32799911499, 0, 0, 13.982543945313,-1,-1,-1,200.0);
CreateDynamicObject(19460, -2516.3159179688, 1120.6650390625, 56.32799911499, 0, 0, 13.980102539063,-1,-1,-1,200.0);
CreateDynamicObject(19460, -2518.5939941406, 1129.8189697266, 56.636001586914, 0, 0, 13.980102539063,-1,-1,-1,200.0);
CreateDynamicObject(19460, -2521.3220214844, 1138.8630371094, 56.477001190186, 0, 0, 19.980102539063,-1,-1,-1,200.0);
CreateDynamicObject(19460, -2551.9030761719, 1147.5469970703, 56.477001190186, 0, 0, 78,-1,-1,-1,200.0);
CreateDynamicObject(19460, -2537.5270996094, 1083.5989990234, 56.494998931885, 0, 0, 75.228637695313,-1,-1,-1,200.0);
CreateDynamicObject(19460, -2546.7280273438, 1086.0169677734, 56.495998382568, 0, 0, 75.223388671875,-1,-1,-1,200.0);
CreateDynamicObject(19460, -2556, 1088.4389648438, 56.493999481201, 0, 0, 75.223388671875,-1,-1,-1,200.0);
CreateDynamicObject(19460, -2565.087890625, 1091.4930419922, 56.483001708984, 0, 0, 67.223388671875,-1,-1,-1,200.0);
CreateDynamicObject(19460, -2573.9208984375, 1095.1579589844, 56.424999237061, 0, 0, 67.219848632813,-1,-1,-1,200.0);
CreateDynamicObject(19460, -2582.6818847656, 1098.833984375, 56.356998443604, 0, 0, 67.219848632813,-1,-1,-1,200.0);
CreateDynamicObject(19460, -2591.3149414063, 1103.0080566406, 56.367000579834, 0, 0, 61.219848632813,-1,-1,-1,200.0);
CreateDynamicObject(19460, -2599.7470703125, 1107.6600341797, 56.463001251221, 0, 0, 61.2158203125,-1,-1,-1,200.0);
CreateDynamicObject(19460, -2608.1950683594, 1112.2879638672, 56.430000305176, 0, 0, 61.2158203125,-1,-1,-1,200.0);
CreateDynamicObject(19460, -2616.333984375, 1117.3199462891, 56.238998413086, 0, 0, 55.2158203125,-1,-1,-1,200.0);
CreateDynamicObject(19460, -2624.0629882813, 1123.1090087891, 57.07799911499, 0, 0, 56.711791992188,-1,-1,-1,200.0);
CreateDynamicObject(19460, -2632.1040039063, 1128.3759765625, 57.075000762939, 0, 0, 56.71142578125,-1,-1,-1,200.0);
CreateDynamicObject(19460, -2639.1430664063, 1134.3280029297, 57.080001831055, 0, 0, 48.71142578125,-1,-1,-1,200.0);
CreateDynamicObject(19460, -2646.375, 1140.6579589844, 57.078998565674, 0, 0, 48.707885742188,-1,-1,-1,200.0);
CreateDynamicObject(19460, -2653.1479492188, 1147.5009765625, 57.099998474121, 0, 0, 40.707885742188,-1,-1,-1,200.0);
CreateDynamicObject(19460, -2659.3911132813, 1154.7669677734, 57.11600112915, 0, 0, 40.704345703125,-1,-1,-1,200.0);
CreateDynamicObject(19460, -2665.2819824219, 1162.3249511719, 57.085998535156, 0, 0, 34.704345703125,-1,-1,-1,200.0);
CreateDynamicObject(19460, -2670.7370605469, 1170.1949462891, 57.085998535156, 0, 0, 34.700317382813,-1,-1,-1,200.0);
CreateDynamicObject(19460, -2676.1760253906, 1178.041015625, 57.085998535156, 0, 0, 34.700317382813,-1,-1,-1,200.0);
CreateDynamicObject(19460, -2681.0549316406, 1186.2690429688, 56.320999145508, 0, 0, 26.700317382813,-1,-1,-1,200.0);
CreateDynamicObject(19460, -2685.0529785156, 1194.8890380859, 56.278999328613, 0, 0, 22.69677734375,-1,-1,-1,200.0);
CreateDynamicObject(19460, -2688.4619140625, 1203.8859863281, 56.278999328613, 0, 0, 18.692260742188,-1,-1,-1,200.0);
CreateDynamicObject(19460, -2691.5400390625, 1212.9069824219, 56.238998413086, 0, 0, 18.687744140625,-1,-1,-1,200.0);
CreateDynamicObject(19460, -2694.6201171875, 1221.8599853516, 56.110000610352, 0, 0, 18.687744140625,-1,-1,-1,200.0);
CreateDynamicObject(19460, -2697.1760253906, 1231.1490478516, 56.245998382568, 0, 0, 12.687744140625,-1,-1,-1,200.0);
CreateDynamicObject(19460, -2580.2219238281, 1152.4580078125, 56.044998168945, 0, 0, 101.2158203125,-1,-1,-1,200.0);
CreateDynamicObject(19460, -2589.4499511719, 1150.1169433594, 56.119998931885, 0, 0, 107.21160888672,-1,-1,-1,200.0);
CreateDynamicObject(19436, -2595.0891113281, 1148.7130126953, 56.311000823975, 0, 0, 90,-1,-1,-1,200.0);
CreateDynamicObject(19460, -2600.20703125, 1151.2049560547, 57.044998168945, 0, 0, 57.211791992188,-1,-1,-1,200.0);
CreateDynamicObject(19460, -2608.3090820313, 1156.4250488281, 57.056999206543, 0, 0, 57.211303710938,-1,-1,-1,200.0);
CreateDynamicObject(19460, -2615.9719238281, 1162.1519775391, 57.071998596191, 0, 0, 49.211303710938,-1,-1,-1,200.0);
CreateDynamicObject(19460, -2622.9851074219, 1168.666015625, 57.087001800537, 0, 0, 45.207763671875,-1,-1,-1,200.0);
CreateDynamicObject(19460, -2629.5620117188, 1175.626953125, 57.112998962402, 0, 0, 41.203247070313,-1,-1,-1,200.0);
CreateDynamicObject(19460, -2635.7451171875, 1182.9389648438, 57.102001190186, 0, 0, 39.19873046875,-1,-1,-1,200.0);
CreateDynamicObject(19460, -2641.4409179688, 1190.6359863281, 57.085998535156, 0, 0, 33.943725585938,-1,-1,-1,200.0);
CreateDynamicObject(19460, -2646.7880859375, 1198.5560302734, 56.319999694824, 0, 0, 33.942260742188,-1,-1,-1,200.0);
CreateDynamicObject(19460, -2651.5270996094, 1206.79296875, 56.180000305176, 0, 0, 26.192260742188,-1,-1,-1,200.0);
CreateDynamicObject(19460, -2655.1220703125, 1215.5909423828, 56.320999145508, 0, 0, 18.19140625,-1,-1,-1,200.0);
CreateDynamicObject(19460, -2657.8898925781, 1224.6920166016, 56.32799911499, 0, 0, 15.687866210938,-1,-1,-1,200.0);
CreateDynamicObject(19460, -2660.4970703125, 1233.9439697266, 56.32799911499, 0, 0, 15.682983398438,-1,-1,-1,200.0);
CreateDynamicObject(19460, -2661.7810058594, 1243.3399658203, 56.356998443604, 0, 0, 359.68298339844,-1,-1,-1,200.0);
CreateDynamicObject(19460, -1659.1899414063, 743.94897460938, 18.256000518799, 0, 0, 90,-1,-1,-1,200.0);
CreateDynamicObject(19460, -1649.9210205078, 743.95697021484, 16.809999465942, 0, 0, 90,-1,-1,-1,200.0);
object2 = CreateDynamicObject(19460,-2211.602,578.973,34.895,0,0,90.0,-1,-1,-1,200.0);
if(object1 != 0)
{
	new left_side[] = {12,13,14,15,16,17,18,19,20,21,22,23,24,25,26,27,28,29,30,31,32,33,34,35,36,37,38,39,40,41,42,43,44,45,
	    46,47,48,49,50,51,52,53,54,55,56,57,58,59,60,61,62,63,74,75,76,77,78,88,89,90,91,92,93,94,95,96,97,98,99,100,106,
	    107,108,109,122,123,124,125,126,127,128,129,133,137,138,139,140,141,142,143,144,145,146,147,148,149,150,158,159,
	    160,161,162,163,164,165,166,167,168,169,174,175,176,177,178,179,180,181,182,183,184,185,186,187,188,189,190,191,
		192,193,194,195,196,197,198,199,200,211,212,213,214,215,216,217,218,219,220,221,225,226,227,228,229,230,231,232,
		233,234,235,236,237,249,250,251,252,253,254,255,256,257,258,259,260,261,262,263,264,265,266,267,268,269,270,271,
		272,273};
	new bool:left;
	for(new i = object1; i <= object2; i++)
 	{
  		left = false;
	   	for(new j = 0; j < sizeof(left_side); j++)
	   	{
	 		if(i == left_side[j]+object1)
	 		{
				SetDynamicObjectMaterialText(i,0,">",OBJECT_MATERIAL_SIZE_256x128,"Arial",148,1,0xFF00FFFF,0x0,1);
				left = true;
				break;
			}
		}
		if(!left) SetDynamicObjectMaterialText(i,0,"<",OBJECT_MATERIAL_SIZE_256x128,"Arial",148,1,0xFF00FFFF,0x0,1);
		Streamer_SetArrayData(STREAMER_TYPE_OBJECT,i,E_STREAMER_WORLD_ID,rworld);
  	}
}
object1 = CreateDynamicObject(19460, -2685.3239746094, 1271.4510498047, 61.318000793457, 0, 224.994506835938, 90,-1,-1,-1,200.0);
CreateDynamicObject(19460, -2675.8120117188, 1271.4460449219, 61.318000793457, 0, 224.994506835938, 90,-1,-1,-1,200.0);
CreateDynamicObject(19460, -2667.6101074219, 1271.4460449219, 61.318000793457, 0, 224.994506835938, 90,-1,-1,-1,200.0);
object2 = CreateDynamicObject(19460, -2694.7119140625, 1271.4510498047, 61.318000793457, 0, 225, 90,-1,-1,-1,200.0);
for(new i = object1; i <= object2; i++)
{
	SetDynamicObjectMaterial(i,0,18761,"MatRacing","checkeredarrows1",0x0);
	Streamer_SetArrayData(STREAMER_TYPE_OBJECT,i,E_STREAMER_WORLD_ID,rworld);
}
object1 = CreateDynamicObject(18766, -2154.8959960938, 726.91302490234, 74.414001464844, 0, 0, 75.986938476563,-1,-1,-1,200.0);
CreateDynamicObject(18766, -2152.6049804688, 736.22900390625, 74.414001464844, 0, 0, 75.986938476563,-1,-1,-1,200.0);
CreateDynamicObject(18766, -2147.7670898438, 743.56500244141, 74.414001464844, 0, 0, 43.994750976563,-1,-1,-1,200.0);
CreateDynamicObject(18766, -2139.3369140625, 746.58898925781, 74.414001464844, 0, 0, 0,-1,-1,-1,200.0);
CreateDynamicObject(18766, -2129.9289550781, 746.5, 74.563003540039, 0, 0, 0,-1,-1,-1,200.0);
CreateDynamicObject(18766, -2155.4318847656, 724.89599609375, 79.414001464844, 0, 0, 75.986938476563,-1,-1,-1,200.0);
CreateDynamicObject(18766, -2153.123046875, 734.41101074219, 79.414001464844, 0, 0, 75.986938476563,-1,-1,-1,200.0);
CreateDynamicObject(18766, -2151.4509277344, 740.86901855469, 79.414001464844, 0, 0, 75.986938476563,-1,-1,-1,200.0);
CreateDynamicObject(18766, -2147.9499511719, 743.72302246094, 79.414001464844, 0, 0, 43.9892578125,-1,-1,-1,200.0);
CreateDynamicObject(18766, -2155.5581054688, 724.90997314453, 84.414001464844, 0, 0, 75.986938476563,-1,-1,-1,200.0);
CreateDynamicObject(18766, -2153.1398925781, 734.59698486328, 84.414001464844, 0, 0, 75.986938476563,-1,-1,-1,200.0);
CreateDynamicObject(18766, -2150.8391113281, 743.89599609375, 84.414001464844, 0, 0, 75.986938476563,-1,-1,-1,200.0);
CreateDynamicObject(18766, -2147.9870605469, 743.75402832031, 84.414001464844, 0, 0, 43.9892578125,-1,-1,-1,200.0);
CreateDynamicObject(18766, -2139.626953125, 746.57598876953, 79.414001464844, 0, 0, 0,-1,-1,-1,200.0);
CreateDynamicObject(18766, -2129.916015625, 746.52502441406, 79.563003540039, 0, 0, 0,-1,-1,-1,200.0);
CreateDynamicObject(18766, -2141.16796875, 746.71301269531, 84.414001464844, 0, 0, 0,-1,-1,-1,200.0);
CreateDynamicObject(18766, -2131.3640136719, 746.52697753906, 84.563003540039, 0, 0, 0,-1,-1,-1,200.0);
CreateDynamicObject(18766, -2529.5400390625, 801.42797851563, 54.826000213623, 0, 0, 134.99450683594,-1,-1,-1,200.0);
CreateDynamicObject(18766, -2534.7109375, 809.26702880859, 54.82799911499, 0, 0, 110.98937988281,-1,-1,-1,200.0);
CreateDynamicObject(18766, -2538.1440429688, 818.09399414063, 54.985000610352, 0, 0, 110.98937988281,-1,-1,-1,200.0);
CreateDynamicObject(18766, -2521.5119628906, 798.07000732422, 54.944999694824, 0, 0, 0,-1,-1,-1,200.0);
CreateDynamicObject(18766, -2521.4890136719, 798.04302978516, 59.944999694824, 0, 0, 0,-1,-1,-1,200.0);
CreateDynamicObject(18766, -2529.8181152344, 801.65301513672, 59.826000213623, 0, 0, 134.98904418945,-1,-1,-1,200.0);
CreateDynamicObject(18766, -2534.6599121094, 808.89599609375, 59.82799911499, 0, 0, 110.98937988281,-1,-1,-1,200.0);
CreateDynamicObject(18766, -2537.9099121094, 817.90100097656, 59.985000610352, 0, 0, 110.98937988281,-1,-1,-1,200.0);
CreateDynamicObject(18766, -1483.0589599609, 819.02600097656, 10.005999565125, 0, 0, 90,-1,-1,-1,200.0);
CreateDynamicObject(18766, -1483.0649414063, 809.22900390625, 10.005999565125, 0, 0, 90,-1,-1,-1,200.0);
CreateDynamicObject(18766, -1483.0219726563, 799.22399902344, 10.005999565125, 0, 0, 90,-1,-1,-1,200.0);
CreateDynamicObject(18766, -1483.0009765625, 789.27899169922, 10.005999565125, 0, 0, 90,-1,-1,-1,200.0);
CreateDynamicObject(18766, -1483.0209960938, 779.33801269531, 10.005999565125, 0, 0, 90,-1,-1,-1,200.0);
CreateDynamicObject(18766, -1483.0009765625, 769.45599365234, 10.005999565125, 0, 0, 90,-1,-1,-1,200.0);
CreateDynamicObject(18766, -1483.0860595703, 759.69299316406, 10.005999565125, 0, 0, 90,-1,-1,-1,200.0);
CreateDynamicObject(18766, -1483.0689697266, 749.72399902344, 10.005999565125, 0, 0, 90,-1,-1,-1,200.0);
object2 = CreateDynamicObject(18766, -1483, 739.26702880859, 10.005999565125, 0, 0, 90,-1,-1,-1,200.0);
for(new i = object1; i <= object2; i++)
{
	SetDynamicObjectMaterial(i,0,0,"none","none",0x0);
	Streamer_SetArrayData(STREAMER_TYPE_OBJECT,i,E_STREAMER_WORLD_ID,rworld);
}
FirstRaceArea[1] = CreateDynamicPolygonEx(Float:{-1972.6539,1345.7671,-1973.3888,1272.9792,-1932.7097,1277.0779,-1935.8289,1345.7670},0.0,40.0,8,rworld,{-1},{-1});
CreateDynamicPolygonEx(Float:{-1851.5361,1329.4288,-1876.3336,1369.4500,-1849.1436,1385.6533,-1828.7518,1338.8661},0.0,40.0,8,rworld,{-1},{-1});
CreateDynamicPolygonEx(Float:{-1735.1119,1300.3743,-1702.0352,1332.8641,-1685.4991,1315.6760,-1721.6516,1278.6366},0.0,40.0,8,rworld,{-1},{-1});
CreateDynamicPolygonEx(Float:{-1640.8918,1206.7642,-1609.1327,1238.4791,-1548.0322,1202.8457,-1633.0707,1187.5941},0.0,40.0,8,rworld,{-1},{-1});
CreateDynamicPolygonEx(Float:{-1518.9894,1015.4066,-1493.0912,993.7473,-1605.9237,991.7825,-1619.2972,1016.0356},0.0,40.0,8,rworld,{-1},{-1});
CreateDynamicPolygonEx(Float:{-1625.5137,868.7926,-1493.1063,866.7406,-1487.0258,827.3574,-1628.2611,826.3004},0.0,40.0,8,rworld,{-1},{-1});
CreateDynamicCircleEx(-1636.8728,731.5852,30.0,rworld,{-1},{-1});
CreateDynamicCircleEx(-1797.9615,731.7337,30.0,rworld,{-1},{-1});
CreateDynamicCircleEx(-2008.1315,731.9042,30.0,rworld,{-1},{-1});
CreateDynamicCircleEx(-2142.6392,731.7787,30.0,rworld,{-1},{-1});
CreateDynamicCircleEx(-2142.9194,565.8508,30.0,rworld,{-1},{-1});
CreateDynamicCircleEx(-2386.5542,566.3460,30.0,rworld,{-1},{-1});
CreateDynamicCircleEx(-2386.7712,688.1783,30.0,rworld,{-1},{-1});
CreateDynamicCircleEx(-2390.3518,807.6994,30.0,rworld,{-1},{-1});
CreateDynamicCircleEx(-2525.1392,812.2397,30.0,rworld,{-1},{-1});
CreateDynamicCircleEx(-2526.5366,909.5458,30.0,rworld,{-1},{-1});
CreateDynamicCircleEx(-2526.1692,1036.4270,30.0,rworld,{-1},{-1});
CreateDynamicPolygonEx(Float:{-2577.4717,1097.1672,-2558.2432,1147.7675,-2576.1819,1152.7827,-2598.1580,1107.3778},50.0,75.0,8,rworld,{-1},{-1});
RaceInfo[1][FinishArea] = CreateDynamicPolygonEx(Float:{-2699.4177,1264.6564,-2663.5276,1264.4822,-2663.5535,1304.9689,-2699.4290,1304.9391},50.0,75.0,8,rworld,{-1},{-1});
